1051 4768 432 373 9.06 86.34 
1664 365612 340315 85206 93.08 25.04 
1826 1749 1477 676 84.45 45.77 
2104 2582092 6262 4180 0.24 66.75 
2393 335245 133843 13954 39.92 10.43 
2555 783 509 326 65.01 64.05 
3365 722284 717508 209106 99.34 29.14 
690 4236960 3487218 395928 82.30 11.35 
1665 3357913 3124313 409173 93.04 13.10 
196 126481 202 77 0.16 38.12 
2394 9545080 125780 7816 1.32 6.21 
240 31624 8971 1742 28.37 19.42 
2718 1354158 24664 3541 1.82 14.36 
358 85 64 10 75.29 15.62 
691 3342993 1213548 183936 36.30 15.16 
853 160907169 45 17 0.00 37.78 
160 4584732 3332399 261061 72.68 7.83 
2638 9 9 8 100.00 88.89 
2719 528604 12432 1314 2.35 10.57 
2971 1100723 62329 6125 5.66 9.83 
3286 48038 16533 6168 34.42 37.31 
359 1 1 1 100.00 100.00 
692 2308696 1886301 398316 81.70 21.12 
935 1182525 441289 169771 37.32 38.47 
1135 7777 1 1 0.01 100.00 
1216 4789 4114 3368 85.91 81.87 
161 5145 4150 1382 80.66 33.30 
2396 85797 1646 367 1.92 22.30 
2477 130010 4 3 0.00 75.00 
2558 9100 1133 85 12.45 7.50 
2891 64379622 1 1 0.00 100.00 
693 2215 1717 937 77.52 54.57 
1136 160907169 17 5 0.00 29.41 
162 100871 83496 39030 82.78 46.74 
1668 48 44 43 91.67 97.73 
2559 25074081 9116 2536 0.04 27.82 
694 3843753 3144336 358779 81.80 11.41 
1100 31624 8989 1741 28.42 19.37 
1470 117149 94921 16709 81.03 17.60 
2398 64379622 2 2 0.00 100.00 
244 25 11 5 44.00 45.45 
2442 62493075 0 0 0.00 -1 
2479 796 796 542 100.00 68.09 
2523 4219541 22719 1692 0.54 7.45 
2604 599377 18700 9482 3.12 50.71 
2893 1145 1089 633 95.11 58.13 
2974 29019212 1776 316 0.01 17.79 
3090 10015 1545 372 15.43 24.08 
3252 9891906 6738 549 0.07 8.15 
695 1267253 1033717 350656 81.57 33.92 
1020 160907169 15524 6382 0.01 41.11 
1101 66578210 290 202 0.00 69.66 
1390 4003 325 259 8.12 79.69 
1471 3119 2676 398 85.80 14.87 
1633 41 0 0 0.00 -1 
2975 160907169 392 21 0.00 5.36 
3091 19105 2495 1033 13.06 41.40 
3334 6287 109 58 1.73 53.21 
696 299503 247820 96539 82.74 38.96 
858 1422 379 347 26.65 91.56 
939 560 262 121 46.79 46.18 
1391 3010 1093 490 36.31 44.83 
1472 299503 277060 108129 92.51 39.03 
1715 1386 345 233 24.89 67.54 
2525 6 0 0 0.00 -1 
2606 7832989 12281 727 0.16 5.92 
3092 167273 26495 2266 15.84 8.55 
3254 18349 18349 13 100.00 0.07 
327 2783448 11 6 0.00 54.55 
3335 14019 12504 7762 89.19 62.08 
660 554147 446093 223031 80.50 50.00 
697 17723 12999 8897 73.35 68.44 
822 805569849 0 0 0.00 -1 
859 69000 67971 14987 98.51 22.05 
1392 1084 168 128 15.50 76.19 
1473 3843753 3557414 410124 92.55 11.53 
1635 9 0 0 0.00 -1 
2445 153 148 2 96.73 1.35 
2607 201919 485 47 0.24 9.69 
2896 1070 862 652 80.56 75.64 
2940 201919 0 0 0.00 -1 
3093 44588 4939 2800 11.08 56.69 
3255 377511 1660 1000 0.44 60.24 
328 9891906 1971959 1119528 19.94 56.77 
580 2735 2232 551 81.61 24.69 
661 776 621 425 80.03 68.44 
698 274811 219124 19439 79.74 8.87 
130 33 6 6 18.18 100.00 
1474 59065 50049 13245 84.74 26.46 
1555 721983 611891 287695 84.75 47.02 
1717 805569849 1 1 0.00 100.00 
2446 234 234 10 100.00 4.27 
248 509 284 177 55.80 62.32 
2608 160907169 30 15 0.00 50.00 
2860 700996 57829 2441 8.25 4.22 
2897 557252 7710 957 1.38 12.41 
3094 96567 17925 2000 18.56 11.16 
3175 4219541 23729 2012 0.56 8.48 
3256 19801 725 130 3.66 17.93 
329 1462 177 119 12.11 67.23 
3300 4987 4752 1164 95.29 24.49 
581 3000 1613 962 53.77 59.64 
662 7069 5725 1587 80.99 27.72 
905 2842 1397 982 49.16 70.29 
1105 1434 1223 140 85.29 11.45 
131 805569849 335 100 0.00 29.85 
1475 4022 3750 3298 93.24 87.95 
2410 238 58 32 24.37 55.17 
2447 148 143 1 96.62 0.70 
249 929 509 252 54.79 49.51 
2528 4942 647 400 13.09 61.82 
3095 293828 45679 2738 15.55 5.99 
3176 326329 91801 8216 28.13 8.95 
3257 9891906 1 1 0.00 100.00 
3301 1553 1418 1073 91.31 75.67 
3338 6793223 46816 30951 0.69 66.11 
663 4022 3286 2892 81.70 88.01 
1395 123 102 87 82.93 85.29 
1476 234324 217485 126340 92.81 58.09 
1601 7834773 212 125 0.00 58.96 
2367 19502302 1280015 47142 6.56 3.68 
2781 7777 0 0 0.00 -1 
2862 1896 516 12 27.22 2.33 
3177 656 656 5 100.00 0.76 
3221 42664 42120 1662 98.72 3.95 
3258 5383 4347 761 80.75 17.51 
3302 888 887 754 99.89 85.01 
3339 180934 46849 7890 25.89 16.84 
664 376423 304153 20638 80.80 6.79 
1396 2176389 160 148 0.01 92.50 
1440 10193 9269 3723 90.93 40.17 
1477 5252 4893 1586 93.16 32.41 
1639 99 0 0 0.00 -1 
2368 1854910 771520 60903 41.59 7.89 
2412 4951 1373 200 27.73 14.57 
2782 5778 418 212 7.23 50.72 
2863 64379622 46562 3841 0.07 8.25 
3141 64379622 68 18 0.00 26.47 
3222 683455 0 0 0.00 -1 
3259 5504688 18543 2847 0.34 15.35 
3303 143 138 1 96.50 0.72 
665 1917659 1524192 370038 79.48 24.28 
827 29019212 8 5 0.00 62.50 
1360 2773219 2147251 246944 77.43 11.50 
1441 9721 8262 7672 84.99 92.86 
1478 282007 262220 126942 92.98 48.41 
1559 31 23 18 74.19 78.26 
2170 228791 84803 5394 37.07 6.36 
2783 88889 16637 1283 18.72 7.71 
3304 1614 768 563 47.58 73.31 
666 8527 7091 6459 83.16 91.09 
1361 168933 38113 23471 22.56 61.58 
1442 2093 1327 982 63.40 74.00 
2414 4127809 8681 4751 0.21 54.73 
2784 160339 35998 11767 22.45 32.69 
2946 1278830 153804 8633 12.03 5.61 
667 498363 393393 35674 78.94 9.07 
711 1685739 1 1 0.00 100.00 
829 6278 1912 647 30.46 33.84 
1399 356 285 62 80.06 21.75 
1443 6662 6104 2278 91.62 37.32 
2910 2890301 17982 2401 0.62 13.35 
3144 86 6 2 6.98 33.33 
668 282007 229777 111627 81.48 48.58 
71 130010 103864 26655 79.89 25.66 
1444 17723 15214 9749 85.84 64.08 
1895 2284 1247 413 54.60 33.12 
2335 75733 18380 1300 24.27 7.07 
2416 3 0 0 0.00 -1 
470 1168274 163 43 0.01 26.38 
588 6552 1720 1291 26.25 75.06 
669 89453 71170 15619 79.56 21.95 
138 117 94 62 80.34 65.96 
1445 2308696 2140109 454185 92.70 21.22 
2093 303129 228390 3156 75.34 1.38 
2417 64379622 24 23 0.00 95.83 
2787 85797 712 364 0.83 51.12 
2949 7809672 87862 13693 1.13 15.58 
3065 56842 18438 3684 32.44 19.98 
3308 2284 11 6 0.48 54.55 
471 193 178 61 92.23 34.27 
1284 33 25 15 75.76 60.00 
1446 554147 513719 255878 92.70 49.81 
2256 13738884 23 16 0.00 69.57 
2751 427646 76753 15423 17.95 20.09 
2788 160907169 7169 430 0.00 6.00 
2869 2582092 5 5 0.00 100.00 
3066 37 30 3 81.08 10.00 
3110 228791 528 36 0.23 6.82 
3147 201919 2 1 0.00 50.00 
3228 1 0 0 0.00 -1 
472 53 47 44 88.68 93.62 
103 579 142 89 24.53 62.68 
1285 207 56 56 27.05 100.00 
1410 58265 32893 2230 56.45 6.78 
1447 15365 14146 4005 92.07 28.31 
1942 1185386 199345 18215 16.82 9.14 
2095 19195 8797 7404 45.83 84.17 
2590 199591 86637 18718 43.41 21.61 
2671 6287 44 8 0.70 18.18 
2789 60537 23786 4725 39.29 19.86 
3030 1135663 45588 45309 4.01 99.39 
392 805569849 1525 1016 0.00 66.62 
473 37 33 32 89.19 96.97 
104 2270 627 333 27.62 53.11 
1286 501 47 42 9.38 89.36 
1367 124 102 87 82.26 85.29 
1448 65376 46764 5728 71.53 12.25 
1781 1168274 106 28 0.01 26.42 
2591 922776 24388 1858 2.64 7.62 
393 147 69 46 46.94 66.67 
636 9 6 3 66.67 50.00 
717 6287 1365 715 21.71 52.38 
1250 338 257 111 76.04 43.19 
1368 245 174 149 71.02 85.63 
1449 27102 25322 13435 93.43 53.06 
2141 37429 29669 21010 79.27 70.81 
2222 64379622 454 213 0.00 46.92 
2259 141082 3 2 0.00 66.67 
2592 36 0 0 0.00 -1 
2673 64379622 1506 54 0.00 3.59 
2754 37429 1 1 0.00 100.00 
2835 232 0 0 0.00 -1 
3113 297160 11493 1512 3.87 13.16 
394 1685739 7799 5638 0.46 72.29 
1251 4738 100 70 2.11 70.00 
1369 150 119 106 79.33 89.08 
2142 1182525 13 8 0.00 61.54 
2304 51357044 1602581 40520 3.12 2.53 
2593 542 542 270 100.00 49.82 
2755 294078 69305 6706 23.57 9.68 
3114 3393099 62544 2897 1.84 4.63 
395 26 23 22 88.46 95.65 
2594 160907169 2 1 0.00 50.00 
3034 135731 7209 920 5.31 12.76 
3115 82242043 221 16 0.00 7.24 
79 2386 1887 539 79.09 28.56 
1334 547209 40705 3542 7.44 8.70 
1866 29019212 11 6 0.00 54.55 
2720 931277 15611 3589 1.68 22.99 
2757 2563757 52935 3490 2.06 6.59 
2801 160907169 13 12 0.00 92.31 
2919 139982561 54660 2024 0.04 3.70 
3035 3 0 0 0.00 -1 
478 7 0 0 0.00 -1 
1092 160907169 189 19 0.00 10.05 
2596 677647 11509 1092 1.70 9.49 
2677 25074081 63 6 0.00 9.52 
2758 630 426 10 67.62 2.35 
2802 34 0 0 0.00 -1 
2839 114563 78595 3840 68.60 4.89 
3117 1392 1129 822 81.11 72.81 
361 74 32 18 43.24 56.25 
1787 72693280 70258 23902 0.10 34.02 
2678 76 0 0 0.00 -1 
2722 94772479 231 21 0.00 9.09 
2759 2783448 3977 102 0.14 2.56 
281 2195 1759 322 80.14 18.31 
3000 189898 0 0 0.00 -1 
3037 6287 87 12 1.38 13.79 
3118 136342 28006 3674 20.54 13.12 
362 160907169 58 24 0.00 41.38 
524 201919 55177 54737 27.33 99.20 
1094 4127809 308 100 0.01 32.47 
1300 21338 752 735 3.52 97.74 
1337 32 0 0 0.00 -1 
2642 5452059 7100 945 0.13 13.31 
2723 85797 7 5 0.01 71.43 
3001 149000 0 0 0.00 -1 
3119 49614 8279 1740 16.69 21.02 
3290 716 715 483 99.86 67.55 
3371 2235 2133 920 95.44 43.13 
363 7263 5943 2160 81.83 36.35 
525 47866 14780 3894 30.88 26.35 
1301 228791 76770 4752 33.55 6.19 
2111 1950 1603 1366 82.21 85.22 
2724 64379622 9346 420 0.01 4.49 
3039 67163 1504 59 2.24 3.92 
3291 17131 1067 454 6.23 42.55 
364 1984 1525 612 76.86 40.13 
526 3744 1162 420 31.04 36.14 
940 17511 11970 7167 68.36 59.87 
1302 126 109 82 86.51 75.23 
1339 805569849 162 67 0.00 41.36 
2112 1950 1603 1366 82.21 85.22 
2149 726306 424580 71168 58.46 16.76 
2563 76301 9620 769 12.61 7.99 
2644 3657 11 3 0.30 27.27 
2725 238 34 27 14.29 79.41 
2806 1218382 14458 3596 1.19 24.87 
3003 1 0 0 0.00 -1 
527 599377 1 1 0.00 100.00 
860 9146 6824 3470 74.61 50.85 
2069 11103195 1 1 0.00 100.00 
2645 1655 600 424 36.25 70.67 
3004 339 0 0 0.00 -1 
3374 9007 944 654 10.48 69.28 
49 2185626 79 70 0.00 88.61 
609 311 77 42 24.76 54.55 
2114 697 538 442 77.19 82.16 
2565 1097094 44298 2737 4.04 6.18 
286 370798 290708 73707 78.40 25.35 
862 7834773 197 119 0.00 60.41 
1062 1168274 109 31 0.01 28.44 
1800 93971 12230 7012 13.01 57.33 
250 1950 1849 1576 94.82 85.24 
2980 85797 712 364 0.83 51.12 
1063 2582092 7314 4782 0.28 65.38 
1595 94772479 51283937 1941336 54.11 3.79 
2486 10350 3625 1145 35.02 31.59 
251 697 647 531 92.83 82.07 
3340 125 0 0 0.00 -1 
3377 1355227 79883 33810 5.89 42.32 
783 266 73 58 27.44 79.45 
171 160339 5265 3615 3.28 68.66 
1839 9891906 100 56 0.00 56.00 
2117 8792648 16 16 0.00 100.00 
252 1950 1849 1576 94.82 85.24 
2531 58265 1158 106 1.99 9.15 
2568 2176389 31 15 0.00 48.39 
2612 821 715 395 87.09 55.24 
2982 107 94 38 87.85 40.43 
3297 405350 60064 3367 14.82 5.61 
333 599377 448 209 0.07 46.65 
784 90500 16140 6183 17.83 38.31 
865 232 27 16 11.64 59.26 
1560 39 27 19 69.23 70.37 
2451 34690713 23004 3557 0.07 15.46 
253 21 18 18 85.71 100.00 
2613 141082 6575 928 4.66 14.11 
334 64379622 106 26 0.00 24.53 
3342 4252899 95793 7728 2.25 8.07 
785 7 6 5 85.71 83.33 
866 5214 165 87 3.16 52.73 
910 2235 1203 545 53.83 45.30 
1066 4948 759 590 15.34 77.73 
1561 331 243 154 73.41 63.37 
2533 4263776 63328 2221 1.49 3.51 
254 107 103 27 96.26 26.21 
2614 990691 29158 9548 2.94 32.75 
3181 11344 308 46 2.72 14.94 
3299 2031 1893 837 93.21 44.22 
416 126 115 52 91.27 45.22 
867 6365 372 124 5.84 33.33 
911 78 45 40 57.69 88.89 
1067 127 107 77 84.25 71.96 
1111 132566 113257 15324 85.43 13.53 
1562 35 23 19 65.71 82.61 
2291 547209 39733 3641 7.26 9.16 
2534 72745 8153 3750 11.21 46.00 
3182 143778 1372 73 0.95 5.32 
3344 117143 1 1 0.00 100.00 
750 37429 29962 20989 80.05 70.05 
787 160907169 210 31 0.00 14.76 
868 542 271 179 50.00 66.05 
1068 6001 5085 2496 84.74 49.09 
1563 331 242 156 73.11 64.46 
1644 4584732 758950 121747 16.55 16.04 
3183 64379622 2 2 0.00 100.00 
3264 4 0 0 0.00 -1 
670 12781 10464 9969 81.87 95.27 
832 301 260 181 86.38 69.62 
1069 489 428 262 87.53 61.21 
1483 168933 37883 23667 22.42 62.47 
3265 34135 1776 321 5.20 18.07 
671 13066 10775 4122 82.47 38.26 
1033 7635 1635 1522 21.41 93.09 
1484 11103195 355169 87663 3.20 24.68 
221 5 0 0 0.00 -1 
2537 21615472 120678 11686 0.56 9.68 
2951 1157 0 0 0.00 -1 
302 2263 734 296 32.43 40.33 
3185 160907169 0 0 0.00 -1 
3310 9891906 17 4 0.00 23.53 
3347 9545080 125780 7816 1.32 6.21 
672 117149 95006 14088 81.10 14.83 
1728 1608657 67566 1717 4.20 2.54 
178 3987 1917 1246 48.08 65.00 
222 7 6 5 85.71 83.33 
2420 5393 4529 2621 83.98 57.87 
2501 2784 2722 2149 97.77 78.95 
2619 24352 6 6 0.02 100.00 
2790 134015 34997 9705 26.11 27.73 
2989 877 163 47 18.59 28.83 
3186 2176389 214 91 0.01 42.52 
3348 155 9 8 5.81 88.89 
592 105 30 29 28.57 96.67 
673 150620 125705 44296 83.46 35.24 
754 117143 21520 9451 18.37 43.92 
1035 10967 2646 1145 24.13 43.27 
1648 599377 431 208 0.07 48.26 
2421 139982561 61855 2134 0.04 3.45 
2502 881 748 528 84.90 70.59 
2791 64379622 45290 2495 0.07 5.51 
2872 4252899 95793 7728 2.25 8.07 
3187 1070 562 344 52.52 61.21 
3268 1135199 77099 2437 6.79 3.16 
3349 28522 19 16 0.07 84.21 
674 8724 7237 6603 82.96 91.24 
755 11528 5805 1332 50.36 22.95 
1036 33 11 5 33.33 45.45 
1450 4236960 3932708 450621 92.82 11.46 
1612 29019212 6 2 0.00 33.33 
2422 85 79 16 92.94 20.25 
2459 64379622 1 1 0.00 100.00 
2792 609 0 0 0.00 -1 
2873 360653 14201 9738 3.94 68.57 
305 35 27 15 77.14 55.56 
3070 160907169 0 0 0.00 -1 
3313 25074081 138 26 0.00 18.84 
594 129 16 8 12.40 50.00 
675 1850174 1522649 359481 82.30 23.61 
800 6280 5100 4896 81.21 96.00 
1000 62493075 150183 50316 0.24 33.50 
1118 29019212 82 42 0.00 51.22 
1451 25091 7747 7260 30.88 93.71 
225 327 284 97 86.85 34.15 
2793 42 42 1 100.00 2.38 
2874 21615472 120273 11651 0.56 9.69 
2955 1903252 4907 314 0.26 6.40 
3152 6643 922 447 13.88 48.48 
3233 126481 0 0 0.00 -1 
595 572 87 81 15.21 93.10 
676 708776 591720 103584 83.48 17.51 
1452 35897 12461 10733 34.71 86.13 
2424 34690713 22990 3554 0.07 15.46 
2505 94876 88158 46458 92.92 52.70 
2794 64379622 10 1 0.00 10.00 
3234 8792648 0 0 0.00 -1 
677 234324 192060 110705 81.96 57.64 
1002 10464 2766 689 26.43 24.91 
1453 89453 82690 18279 92.44 22.11 
2425 1 0 0 0.00 -1 
3154 2582092 17 3 0.00 17.65 
3316 187 42 29 22.46 69.05 
597 160907169 449796 20703 0.28 4.60 
678 1444 1120 333 77.56 29.73 
1003 11783 2766 689 23.47 24.91 
110 28522 19435 4049 68.14 20.83 
1292 58265 46312 3235 79.49 6.99 
1454 2574188 2355903 316687 91.52 13.44 
2877 2 0 0 0.00 -1 
3317 1706623 6848 3661 0.40 53.46 
679 6662 5555 2068 83.38 37.23 
1004 2582092 6805 4421 0.26 64.97 
111 30557 8290 2729 27.13 32.92 
1293 50 22 22 44.00 100.00 
1455 4809 4478 1586 93.12 35.42 
1950 2 0 0 0.00 -1 
2265 25074081 0 0 0.00 -1 
2508 10 0 0 0.00 -1 
2760 2582092 91 32 0.00 35.16 
2878 126481 0 0 0.00 -1 
3075 201919 420 37 0.21 8.81 
3200 1 0 0 0.00 -1 
3318 9578845 16154 1517 0.17 9.39 
112 2005 682 176 34.01 25.81 
1456 274811 250657 22251 91.21 8.88 
149 25 16 7 64.00 43.75 
2310 13738884 23 16 0.00 69.57 
2761 2185626 0 0 0.00 -1 
2798 151 142 9 94.04 6.34 
2842 64379622 2 2 0.00 100.00 
3157 7777 7696 6628 98.96 86.12 
3238 64379622 2 2 0.00 100.00 
725 721983 615251 285635 85.22 46.43 
84 301 147 113 48.84 76.87 
113 21242 2382 1509 11.21 63.35 
1295 131520 53208 10134 40.46 19.05 
1457 1267253 1181443 399565 93.23 33.82 
1501 726306 172504 21521 23.75 12.48 
2681 14957 14864 2840 99.38 19.11 
2762 1321185 24624 2883 1.86 11.71 
3077 55762 19436 5429 34.86 27.93 
3158 252956 26591 10952 10.51 41.19 
3239 160907169 2874 168 0.00 5.85 
483 29019212 2 2 0.00 100.00 
85 219 105 74 47.95 70.48 
1296 2783448 12 7 0.00 58.33 
1458 10862 9765 4392 89.90 44.98 
1502 726306 172504 21521 23.75 12.48 
1539 270255 162734 7351 60.21 4.52 
2150 559244 544142 49618 97.30 9.12 
2231 327 267 87 81.65 32.58 
2682 9142 8159 2657 89.25 32.57 
2763 280365 68089 8091 24.29 11.88 
3203 1685739 30456 2210 1.81 7.26 
808 12 4 4 33.33 100.00 
1008 467 386 58 82.66 15.03 
1459 8724 7438 6813 85.26 91.60 
2151 3091460 0 0 0.00 -1 
2683 3 0 0 0.00 -1 
2764 2723 1189 886 43.67 74.52 
2845 126481 0 0 0.00 -1 
3079 6910 1753 38 25.37 2.17 
3123 80575 5526 2065 6.86 37.37 
50 29019212 1 1 0.00 100.00 
1261 2386 1887 539 79.09 28.56 
2684 1268709 133445 18549 10.52 13.90 
2765 459437 8318 3786 1.81 45.52 
3205 89 0 0 0.00 -1 
486 136109 5909 2021 4.34 34.20 
530 147 46 33 31.29 71.74 
117 1608657 74943 1961 4.66 2.62 
2315 76 0 0 0.00 -1 
2685 8082 3867 2329 47.85 60.23 
2766 64379622 25 24 0.00 96.00 
2847 54395 26626 12724 48.95 47.79 
3125 1573 1571 1337 99.87 85.11 
3206 1 0 0 0.00 -1 
531 63 55 44 87.30 80.00 
1344 94876 76 66 0.08 86.84 
2154 2565982 705425 58250 27.49 8.26 
2686 37429 1 1 0.00 100.00 
2730 113 113 3 100.00 2.65 
2811 1 0 0 0.00 -1 
2848 160907169 3091 161 0.00 5.21 
2929 85797 9 7 0.01 77.78 
3045 160907169 1 1 0.00 100.00 
3207 62493075 7 3 0.00 42.86 
451 148 82 46 55.41 56.10 
488 883 760 516 86.07 67.89 
532 453 145 49 32.01 33.79 
1345 16265 12645 7081 77.74 56.00 
1796 379414 34563 1722 9.11 4.98 
1840 459437 3 2 0.00 66.67 
2155 1973158 681928 48659 34.56 7.14 
2687 85797 3 3 0.00 100.00 
2731 126481 6 1 0.00 16.67 
2768 17711910 13863 3090 0.08 22.29 
3046 2890301 18038 2407 0.62 13.34 
3127 1608657 46619 32210 2.90 69.09 
371 22870 16450 1656 71.93 10.07 
489 680 585 412 86.03 70.43 
2732 160907169 401 31 0.00 7.73 
2813 6 0 0 0.00 -1 
3380 94772479 91 20 0.00 21.98 
372 1295 799 290 61.70 36.30 
453 21242 2382 1509 11.21 63.35 
1266 6287 1053 677 16.75 64.29 
1347 8 8 4 100.00 50.00 
2490 85 0 0 0.00 -1 
2733 85797 5 2 0.01 40.00 
3048 9326 17 5 0.18 29.41 
373 5893 3837 978 65.11 25.49 
454 683455 137421 82192 20.11 59.81 
616 2890301 33 7 0.00 21.21 
1267 2278 1800 646 79.02 35.89 
1429 2185626 0 0 0.00 -1 
20 12028 5998 1560 49.87 26.01 
2158 2788 2374 607 85.15 25.57 
2572 148633 93100 2577 62.64 2.77 
2653 16002 1536 765 9.60 49.80 
2734 457865 7816 5416 1.71 69.29 
2815 1 0 0 0.00 -1 
3012 64379622 2 2 0.00 100.00 
374 6478 4696 1492 72.49 31.77 
617 34690713 180 8 0.00 4.44 
987 592 337 202 56.93 59.94 
1231 46 21 15 45.65 71.43 
1268 98 55 24 56.12 43.64 
1925 2773219 2091144 267842 75.40 12.81 
21 2634 1213 418 46.05 34.46 
2159 141 78 45 55.32 57.69 
2573 7834773 24081 9836 0.31 40.85 
2654 9100 1107 89 12.16 8.04 
2735 35735 15426 4274 43.17 27.71 
2816 94772479 113 4 0.00 3.54 
456 391801 159 15 0.04 9.43 
22 2284 286 113 12.52 39.51 
2493 503 39 19 7.75 48.72 
2736 600299 24760 4182 4.12 16.89 
3014 433 0 0 0.00 -1 
3384 9891906 19 6 0.00 31.58 
457 281960 116 106 0.04 91.38 
59 805569849 1 1 0.00 100.00 
619 34690713 5558 526 0.02 9.46 
23 66578210 7 4 0.00 57.14 
2656 805569849 14158 5260 0.00 37.15 
2818 27752074 84897 81963 0.31 96.54 
3015 3393099 377809 13155 11.13 3.48 
1685 9412693 2368691 471407 25.16 19.90 
1847 69523618 1962186 111787 2.82 5.70 
2819 66578210 67 1 0.00 1.49 
297 46584 31259 6923 67.10 22.15 
2990 542 71 63 13.10 88.73 
3016 105368 97436 26652 92.47 27.35 
503 149000 77908 37830 52.29 48.56 
1073 1685739 15441 5599 0.92 36.26 
1316 40 7 6 17.50 85.71 
2126 143778 51444 4483 35.78 8.71 
2496 21242 1 1 0.00 100.00 
2540 2215407 18859 1076 0.85 5.71 
2577 94772479 0 0 0.00 -1 
3017 120440 111514 26214 92.59 23.51 
3350 2005 0 0 0.00 -1 
3387 62493075 91 40 0.00 43.96 
342 29019212 1964 445 0.01 22.66 
504 189898 65487 36638 34.49 55.95 
1074 1706623 1239 981 0.07 79.18 
181 6271337 920 817 0.01 88.80 
2127 11344 827 462 7.29 55.86 
2497 1218382 15060 3759 1.24 24.96 
26 3091460 14052 1045 0.45 7.44 
262 1355227 1047 185 0.08 17.67 
2622 1268709 60434 10493 4.76 17.36 
2703 407 392 319 96.31 81.38 
3018 34690713 5589 725 0.02 12.97 
3351 1135199 77221 2530 6.80 3.28 
505 1936 0 0 0.00 -1 
1075 135 65 15 48.15 23.08 
1813 107 87 27 81.31 31.03 
182 1321185 35872 6090 2.72 16.98 
2461 85797 4 3 0.00 75.00 
2542 64379622 2 2 0.00 100.00 
263 1355227 177750 45491 13.12 25.59 
2704 7635 4 4 0.05 100.00 
2993 91519 24843 16942 27.15 68.20 
3019 64379622 2 2 0.00 100.00 
3271 201919 414 39 0.21 9.42 
3389 79 0 0 0.00 -1 
425 25074081 2813 861 0.01 30.61 
506 23216 1 1 0.00 100.00 
795 23216 2 2 0.01 100.00 
2462 1037717 56820 5874 5.48 10.34 
2705 64379622 2 2 0.00 100.00 
3272 64379622 25 24 0.00 96.00 
3353 3 3 2 100.00 66.67 
1815 21 18 18 85.71 100.00 
265 21 18 18 85.71 100.00 
2995 1 0 0 0.00 -1 
797 21338 567 556 2.66 98.06 
2383 3091460 13838 6257 0.45 45.22 
2545 1308 1308 584 100.00 44.65 
266 107 103 27 96.26 26.21 
2996 2582092 17 3 0.00 17.65 
3193 459437 8326 3793 1.81 45.56 
3274 2114401 55553 6891 2.63 12.40 
3355 632 632 516 100.00 81.65 
680 48 15 14 31.25 93.33 
842 6271337 73 71 0.00 97.26 
879 805569849 303 188 0.00 62.05 
1493 25074080 10487924 1735010 41.83 16.54 
1655 235150 220016 90590 93.56 41.17 
2014 66578210 0 0 0.00 -1 
2384 151625 151202 82788 99.72 54.75 
2546 11635 256 84 2.20 32.81 
2708 65612 8738 3142 13.32 35.96 
2960 1354158 24776 3559 1.83 14.36 
3275 27752074 9215 1924 0.03 20.88 
681 5252 4488 1445 85.45 32.20 
843 9375 7917 6268 84.45 79.17 
1205 160907169 189 33 0.00 17.46 
1494 4382634 2317255 500578 52.87 21.60 
150 788 124 108 15.74 87.10 
1656 437429 205013 122208 46.87 59.61 
1700 933651 0 0 0.00 -1 
2466 62493075 51 15 0.00 29.41 
2709 25074081 50 14 0.00 28.00 
2961 931277 15662 3607 1.68 23.03 
3195 6271337 11603 2305 0.19 19.87 
3357 9326 12 2 0.13 16.67 
3401 59820 29857 16663 49.91 55.81 
682 10193 8594 3385 84.31 39.39 
763 7384 4196 2734 56.83 65.16 
844 7533 1485 558 19.71 37.58 
1206 29019212 79 33 0.00 41.77 
151 1966 1567 939 79.70 59.92 
1657 114273 106032 14974 92.79 14.12 
1701 933847 0 0 0.00 -1 
1819 370798 328710 83771 88.65 25.48 
2016 13738884 12 8 0.00 66.67 
232 24 15 7 62.50 46.67 
2386 64379622 2 2 0.00 100.00 
2430 62493075 189 8 0.00 4.23 
2467 1476703 27210 7129 1.84 26.20 
2511 992 992 452 100.00 45.56 
2548 1629727 25124 6307 1.54 25.10 
2962 528604 12504 1322 2.37 10.57 
2999 2550321 23027 1585 0.90 6.88 
3321 1115051 266228 25257 23.88 9.49 
3358 14019 13877 8392 98.99 60.47 
683 276010 220547 105690 79.91 47.92 
764 141 119 116 84.40 97.48 
845 2251 925 690 41.09 74.59 
152 235150 196590 80793 83.60 41.10 
1577 360653 10 7 0.00 70.00 
1658 698 613 244 87.82 39.80 
1702 922949 0 0 0.00 -1 
233 1726 953 650 55.21 68.21 
2387 64379622 3092 183 0.00 5.92 
2468 4193 1314 102 31.34 7.76 
2549 2276802 62877 15766 2.76 25.07 
3160 2114401 55553 6891 2.63 12.40 
3241 3278615 77389 2030 2.36 2.62 
3278 64379622 2 2 0.00 100.00 
3322 105368 83089 24183 78.86 29.10 
3359 12358 12160 6385 98.40 52.51 
684 27102 22239 11771 82.06 52.93 
765 34 32 30 94.12 93.75 
1460 498363 462020 42542 92.71 9.21 
153 114273 93015 13194 81.40 14.18 
1659 4584732 4167498 314621 90.90 7.55 
234 107 53 51 49.53 96.23 
2432 2176389 10 7 0.00 70.00 
2469 21 6 6 28.57 100.00 
3323 120440 96625 23914 80.23 24.75 
685 3581 2740 2256 76.51 82.34 
766 16 14 13 87.50 92.86 
810 40674 24496 7625 60.23 31.13 
1010 46833 36124 12029 77.13 33.30 
1461 2215 1906 1029 86.05 53.99 
154 365612 300031 74882 82.06 24.96 
1579 35919505 11392319 222176 31.72 1.95 
1623 46584 12 5 0.03 41.67 
1704 11344 8451 1349 74.50 15.96 
2019 2754 3 1 0.11 33.33 
235 1169 631 426 53.98 67.51 
2965 143778 2519 276 1.75 10.96 
3162 21242 0 0 0.00 -1 
3324 1609 1606 452 99.81 28.14 
3405 370998 96984 12498 26.14 12.89 
686 15299 11180 8475 73.08 75.81 
767 4 3 3 75.00 100.00 
1048 8792648 586968 584855 6.68 99.64 
1462 48 14 13 29.17 92.86 
155 437429 181827 107670 41.57 59.22 
1705 143778 32715 2267 22.75 6.93 
236 2754 1644 933 59.69 56.75 
3244 105 38 37 36.19 97.37 
3325 492 492 3 100.00 0.61 
3406 2176389 2458 549 0.11 22.34 
687 35897 11921 10211 33.21 85.66 
1463 281 267 138 95.02 51.69 
156 3357913 2778161 359077 82.73 12.92 
2354 160907169 3749 2060 0.00 54.95 
237 6257 886 575 14.16 64.90 
3083 243 238 75 97.94 31.51 
3164 217 7 2 3.23 28.57 
3407 9367 9362 2254 99.95 24.08 
688 156117 59470 41463 38.09 69.72 
813 783 589 195 75.22 33.11 
91 11 10 8 90.91 80.00 
1464 2853597 2457832 322699 86.13 13.13 
157 317611 265618 95583 83.63 35.99 
238 691 599 414 86.69 69.12 
2436 160907169 74 7 0.00 9.46 
2517 160907169 1728 557 0.00 32.23 
2850 82242043 81 15 0.00 18.52 
490 2582092 1006 520 0.04 51.69 
571 4948 4494 3280 90.82 72.99 
689 69713 56900 26646 81.62 46.83 
92 805569849 0 0 0.00 -1 
1465 1850174 1719165 409530 92.92 23.82 
158 1950 1581 1345 81.08 85.07 
1708 201919 2 2 0.00 100.00 
2194 11635 26 4 0.22 15.38 
2275 40 4 4 10.00 100.00 
239 21338 567 556 2.66 98.06 
2400 48 0 0 0.00 -1 
2888 19195 409 210 2.13 51.34 
815 283 42 35 14.84 83.33 
1 805569849 205653 13576 0.03 6.60 
1385 1710 696 276 40.70 39.66 
1466 8527 7360 6735 86.31 91.51 
159 698 551 216 78.94 39.20 
2401 363 0 0 0.00 -1 
2771 76 76 19 100.00 25.00 
3167 66578210 0 0 0.00 -1 
3211 8413 2542 709 30.22 27.89 
3329 1286650 127168 7414 9.88 5.83 
573 1386 324 216 23.38 66.67 
654 59065 44586 11595 75.49 26.01 
816 29019212 2 2 0.00 100.00 
94 11998 8882 2104 74.03 23.69 
1016 2643 1655 298 62.62 18.01 
1386 21487 8438 2199 39.27 26.06 
1430 150620 142125 50323 94.36 35.41 
1467 12781 11256 10747 88.07 95.48 
2402 64379622 2 2 0.00 100.00 
2934 1364088 39357 38772 2.89 98.51 
3087 1084 1039 1023 95.85 98.46 
3249 64379622 2 2 0.00 100.00 
493 5504688 97887 24697 1.78 25.23 
574 1936 0 0 0.00 -1 
655 2574188 2081318 277380 80.85 13.33 
817 447 389 257 87.02 66.07 
1017 1996 358 129 17.94 36.03 
1387 2387 333 264 13.95 79.28 
1431 276010 251022 120751 90.95 48.10 
1468 3581 3348 2746 93.49 82.02 
2278 62493075 174713 59855 0.28 34.26 
2773 160907169 0 0 0.00 -1 
2935 1101676 153899 19886 13.97 12.92 
3051 27 4 4 14.81 100.00 
575 23216 2 2 0.01 100.00 
656 10862 9057 3961 83.38 43.73 
1018 277 216 21 77.98 9.72 
1351 218 55 51 25.23 92.73 
1388 9449 3511 1159 37.16 33.01 
1432 708776 662663 116096 93.49 17.52 
1469 776 706 494 90.98 69.97 
1513 64859708 1869732 77371 2.88 4.14 
3052 33 2 2 6.06 100.00 
3133 405350 59467 3500 14.67 5.89 
4 118 75 65 63.56 86.67 
60 25074081 35 24 0.00 68.57 
657 9721 8053 7426 82.84 92.21 
738 4263776 16712 2454 0.39 14.68 
1019 579 357 113 61.66 31.65 
1190 134015 36581 4587 27.30 12.54 
1352 1275 1137 375 89.18 32.98 
1389 11007 3783 1177 34.37 31.11 
1433 69713 65213 30747 93.54 47.15 
1965 35312263 2330867 307378 6.60 13.19 
207 29019212 0 0 0.00 -1 
2199 2783448 11 6 0.00 54.55 
2405 62493075 4756 108 0.01 2.27 
2694 4 0 0 0.00 -1 
3134 2268 2256 2198 99.47 97.43 
3215 37 30 3 81.08 10.00 
5 327 313 105 95.72 33.55 
577 3472 2218 1001 63.88 45.13 
61 85797 49512 13443 57.71 27.15 
658 25091 7549 7022 30.09 93.02 
991 877 706 573 80.50 81.16 
1434 1444 1295 401 89.68 30.97 
208 11635 11408 3703 98.05 32.46 
2820 1936 1646 721 85.02 43.80 
2857 24352 1 1 0.00 100.00 
2901 256320 22876 6104 8.92 26.68 
2938 1098 890 768 81.06 86.29 
3135 64379622 24 23 0.00 95.83 
460 17 17 5 100.00 29.41 
578 7674 2165 935 28.21 43.19 
6 155 1 1 0.65 100.00 
659 4809 4040 1447 84.01 35.82 
992 118 91 78 77.12 85.71 
1192 1268709 48 7 0.00 14.58 
1435 7069 6556 1796 92.74 27.39 
1516 12313 11328 4425 92.00 39.06 
2326 82242043 48704872 1905543 59.22 3.91 
2407 59999 1576 268 2.63 17.01 
2740 76301 8273 685 10.84 8.28 
2777 72721 9607 6512 13.21 67.78 
2821 23216 3497 1894 15.06 54.16 
2939 64379622 0 0 0.00 -1 
3055 11635 6225 3703 53.50 59.49 
579 19797 4759 2150 24.04 45.18 
993 349 299 236 85.67 78.93 
1436 1917659 1717830 420551 89.58 24.48 
2408 662 3 2 0.45 66.67 
2778 11103195 29180 2751 0.26 9.43 
3218 39 0 0 0.00 -1 
462 23925 429 326 1.79 75.99 
499 65 38 9 58.46 23.68 
994 18716 4556 2251 24.34 49.41 
1275 632847 57366 57191 9.06 99.69 
1356 40 7 6 17.50 85.71 
1400 19195 8846 7422 46.08 83.90 
1437 13066 11675 4606 89.35 39.45 
1518 258709 84177 44560 32.54 52.94 
1969 242 0 0 0.00 -1 
2409 5093 1292 330 25.37 25.54 
2580 13738884 13770 9267 0.10 67.30 
2823 1157 2 2 0.17 100.00 
3020 17131 1067 454 6.23 42.55 
3057 66578210 18 2 0.00 11.11 
463 34690713 3847 376 0.01 9.77 
1357 33 29 22 87.88 75.86 
1438 376423 348905 24107 92.69 6.91 
2581 1 0 0 0.00 -1 
2743 75644 16020 1545 21.18 9.64 
3102 926374 13339 3314 1.44 24.84 
3391 228791 13 3 0.01 23.08 
464 36 16 6 44.44 37.50 
1321 360653 7 6 0.00 85.71 
1439 3342993 1373361 208382 41.08 15.17 
2087 168933 2 2 0.00 100.00 
2744 64379622 2 2 0.00 100.00 
2906 9891906 50 3 0.00 6.00 
3059 105 0 0 0.00 -1 
997 24352 17320 9593 71.12 55.39 
1403 9326 2631 716 28.21 27.21 
2664 303129 5 3 0.00 60.00 
2745 7699689 546293 70894 7.10 12.98 
2907 990691 29196 9571 2.95 32.78 
3023 19105 2520 1040 13.19 41.27 
466 176 52 48 29.55 92.31 
2908 141082 6583 929 4.67 14.11 
3024 96567 18398 2027 19.05 11.02 
3394 85797 7 5 0.01 71.43 
467 3527 998 631 28.30 63.23 
548 805569849 0 0 0.00 -1 
629 50 20 20 40.00 100.00 
2666 9578845 17662 1652 0.18 9.35 
2747 1168274 39111 1632 3.35 4.17 
3025 167273 26714 2211 15.97 8.28 
468 7777 2653 2255 34.11 85.00 
1244 2 2 1 100.00 50.00 
2630 82242043 77 15 0.00 19.48 
2748 23925 1608 1352 6.72 84.08 
3026 10015 1519 366 15.17 24.09 
432 19801 16204 2664 81.83 16.44 
1245 1157 104 95 8.99 91.35 
1407 50 20 20 40.00 100.00 
190 2284 295 114 12.92 38.64 
2217 34690713 36 2 0.00 5.56 
3027 44588 4850 2732 10.88 56.33 
3108 6694346 50563 6934 0.76 13.71 
3360 2802 2783 2167 99.32 77.87 
35 12 4 4 33.33 100.00 
433 662 324 84 48.94 25.93 
1246 114 16 15 14.04 93.75 
1660 100871 95057 44118 94.24 46.41 
2470 107 8 6 7.48 75.00 
2551 1321185 79238 17464 6.00 22.04 
2669 88889 17949 1434 20.19 7.99 
3028 293828 46181 2673 15.72 5.79 
3361 481852 68116 1990 14.14 2.92 
36 34 32 25 94.12 78.12 
434 698 527 174 75.50 33.02 
515 1300 1133 610 87.15 53.84 
1166 1355227 4880 1214 0.36 24.88 
1247 9007 4 3 0.04 75.00 
1409 58265 32893 2230 56.45 6.78 
1661 317611 297563 107171 93.69 36.02 
2471 75644 14461 1400 19.12 9.68 
3399 64379622 1 1 0.00 100.00 
354 16002 12662 4298 79.13 33.94 
435 6767 2611 1619 38.58 62.01 
516 2609 549 354 21.04 64.48 
930 9334 5391 1150 57.76 21.33 
1211 11344 4608 842 40.62 18.27 
1248 7128 1863 839 26.14 45.03 
1662 5145 4541 1516 88.26 33.38 
2391 160907169 1700 553 0.00 32.53 
2472 391801 0 0 0.00 -1 
2634 160907169 18814 1224 0.01 6.51 
2715 32 5 4 15.62 80.00 
274 160907169 44 4 0.00 9.09 
3282 24 0 0 0.00 -1 
355 252956 26 9 0.01 34.62 
38 51408 26650 15665 51.84 58.78 
436 694 525 174 75.65 33.14 
517 9326 2435 644 26.11 26.45 
1249 145570 121873 23670 83.72 19.42 
1663 1950 1622 1384 83.18 85.33 
1825 143816 124590 24536 86.63 19.69 
2635 9 0 0 0.00 -1 
2716 25 10 9 40.00 90.00 
437 29019212 79 14 0.00 17.72 
