1213 175 70 70 40.00 100.00 
2393 759 645 463 84.98 71.78 
2555 1110580 114771 17582 10.33 15.32 
2636 7457 1615 177 21.66 10.96 
438 279 253 74 90.68 29.25 
852 3197 1503 602 47.01 40.05 
933 98 85 63 86.73 74.12 
1214 321 79 70 24.61 88.61 
2024 1750 1439 1227 82.23 85.27 
2475 151442 71681 13716 47.33 19.13 
2556 6417 2996 1900 46.69 63.42 
2637 80971 29800 2524 36.80 8.47 
439 66 57 44 86.36 77.19 
853 3 0 0 0.00 -1 
934 282 236 197 83.69 83.47 
1710 2309698 0 0 0.00 -1 
1747 127444 109177 24450 85.67 22.39 
2025 1750 1439 1227 82.23 85.27 
2476 753246 20788 1856 2.76 8.93 
2638 142714 38113 11861 26.71 31.12 
2971 20486 2416 137 11.79 5.67 
935 19265 4929 2577 25.59 52.28 
161 4363 919 562 21.06 61.15 
1748 1364 1064 555 78.01 52.16 
2396 83940 77355 42215 92.16 54.57 
2477 320 320 261 100.00 81.56 
279 45190 26023 6428 57.59 24.70 
774 4810 1060 489 22.04 46.13 
2027 629 514 436 81.72 84.82 
2360 1505752 42434 7378 2.82 17.39 
2522 1353 428 287 31.63 67.06 
2109 393 0 0 0.00 -1 
2361 3462 1264 116 36.51 9.18 
2442 632 413 259 65.35 62.71 
2479 747139 12534 1250 1.68 9.97 
2604 66633 26082 2859 39.14 10.96 
3090 1210 1124 881 92.89 78.38 
938 23558 16896 9652 71.72 57.13 
1390 548792 508626 255490 92.68 50.23 
2281 517 0 0 0.00 -1 
2362 66633 24800 2722 37.22 10.98 
2605 6892130 1000623 112369 14.52 11.23 
2894 165 165 50 100.00 30.30 
2975 496544 2029 1389 0.41 68.46 
3091 728 728 605 100.00 83.10 
407 17163 14312 2579 83.39 18.02 
777 8734736 224 104 0.00 46.43 
1139 12018 4883 928 40.63 19.00 
1391 2302737 2133947 466858 92.67 21.88 
246 10 10 10 100.00 100.00 
2606 913617 63571 2008 6.96 3.16 
3092 336 315 1 93.75 0.32 
408 518 250 73 48.26 29.20 
778 307 267 190 86.97 71.16 
1392 22513 20538 2541 91.23 12.37 
247 86 86 22 100.00 25.58 
2607 20307 1449 1217 7.14 83.99 
3093 1363 651 463 47.76 71.12 
409 27177 10139 3195 37.31 31.51 
1393 81352 75151 17612 92.38 23.44 
1636 16099451 18230 8966 0.11 49.18 
1717 355895 61885 2768 17.39 4.47 
2941 1 0 0 0.00 -1 
3175 807081 1866 118 0.23 6.32 
1394 2600439 2379480 338377 91.50 14.22 
1556 3995975 627228 109358 15.70 17.44 
168 2114 596 318 28.19 53.36 
2780 7798866 94629 13229 1.21 13.98 
2898 758 731 709 96.44 96.99 
3176 1170382 2013 119 0.17 5.91 
1395 11926 10555 9744 88.50 92.32 
1476 622306 526830 260015 84.66 49.35 
2367 807081 1872 114 0.23 6.09 
2448 47870 14763 1565 30.84 10.60 
2529 15425 1303 639 8.45 49.04 
3140 10613 10420 5750 98.18 55.18 
1396 2624254 2425274 329278 92.42 13.58 
2368 1170382 2002 114 0.17 5.69 
2863 1093084 15859 2075 1.45 13.08 
2944 342356 113619 7994 33.19 7.04 
3141 2104 2095 1638 99.57 78.19 
1360 15258 14118 7507 92.53 53.17 
1397 3231 2760 462 85.42 16.74 
1559 1 0 0 0.00 -1 
2945 2405 2394 2325 99.54 97.12 
3142 10466 2601 2346 24.85 90.20 
3179 67882 38524 26064 56.75 67.66 
585 36 20 20 55.56 100.00 
747 3151 2523 2417 80.07 95.80 
1361 4234931 3926897 467467 92.73 11.90 
1398 29287 27314 7393 93.26 27.07 
216 13 4 4 30.77 100.00 
3143 404120 134110 4137 33.19 3.08 
630 696514 584164 107420 83.87 18.39 
70 1947 1499 433 76.99 28.89 
1281 2418489 1858714 220479 76.85 11.86 
1362 26803 10703 10045 39.93 93.85 
1399 306550 284497 165584 92.81 58.20 
217 1482 815 590 54.99 72.39 
2910 1010540 1934 499 0.19 25.80 
3063 1934183 50413 6688 2.61 13.27 
631 1891603 1561468 389378 82.55 24.94 
100 23582 16686 3361 70.76 20.14 
1282 135407 30397 17906 22.45 58.91 
1363 111751 50211 43347 44.93 86.33 
218 111 55 42 49.55 76.36 
2867 35 14 12 40.00 85.71 
2948 1453647 86357 14867 5.94 17.22 
3064 28931985 10753 1901 0.04 17.68 
551 16099451 18610 9089 0.12 48.84 
632 1243 1006 310 80.93 30.82 
669 4547 1465 657 32.22 44.85 
101 26355 7299 2417 27.69 33.11 
1364 233895 212708 20636 90.94 9.70 
1607 60046138 0 0 0.00 -1 
219 1205 669 449 55.52 67.12 
2417 4531 646 448 14.26 69.35 
552 132 25 15 18.94 60.00 
633 10004 8218 3230 82.15 39.30 
714 7762 4486 2591 57.79 57.76 
102 1159 490 132 42.28 26.94 
1365 3933 3556 1551 90.41 43.62 
139 268 92 45 34.33 48.91 
1608 26 13 1 50.00 7.69 
3110 1105 1103 413 99.82 37.44 
3147 490168 457002 14005 93.23 3.06 
553 2396 407 76 16.99 18.67 
634 192 104 95 54.17 91.35 
715 127 100 88 78.74 88.00 
103 17296 1823 1222 10.54 67.03 
1366 10025 9177 4462 91.54 48.62 
2220 1502 0 0 0.00 -1 
2789 1170382 30240 3807 2.58 12.59 
2914 810094 12397 3094 1.53 24.96 
3111 473 473 1 100.00 0.21 
392 143 133 68 93.01 51.13 
554 160 25 23 15.62 92.00 
635 10057 8447 3659 83.99 43.32 
716 39 25 24 64.10 96.00 
75 235 98 74 41.70 75.51 
1367 1238687 1154920 409652 93.24 35.47 
1411 24273608 10127252 1730123 41.72 17.08 
2177 66 8 8 12.12 100.00 
2221 12237 0 0 0.00 -1 
2258 82489264 0 0 0.00 -1 
2591 1237872 861 215 0.07 24.97 
2753 114577625 120985 4659 0.11 3.85 
474 1079 965 547 89.43 56.68 
555 4607 756 74 16.41 9.79 
636 4491 3771 1422 83.97 37.71 
717 22 19 12 86.36 63.16 
76 152 58 42 38.16 72.41 
1368 472151 437227 42436 92.60 9.71 
1412 4065797 2219912 498453 54.60 22.45 
2060 466323 452055 47132 96.94 10.43 
2222 14310 0 0 0.00 -1 
2303 9 0 0 0.00 -1 
637 291450 237426 120224 81.46 50.64 
1288 159 143 115 89.94 80.42 
1369 2472 2079 1144 84.10 55.03 
1413 1 0 0 0.00 -1 
2304 290 0 0 0.00 -1 
2836 1102757 76209 5704 6.91 7.48 
476 2540 529 317 20.83 59.92 
638 15258 12481 6685 81.80 53.56 
1289 270 173 149 64.07 86.13 
2594 384697 6891 4706 1.79 68.29 
2837 105828 97755 26731 92.37 27.34 
3115 907197 204725 8027 22.57 3.92 
440 30 27 26 90.00 96.30 
477 5451 1358 513 24.91 37.78 
639 2146 1680 1211 78.29 72.08 
972 6300 2000 1860 31.75 93.00 
2063 2251800 581113 54082 25.81 9.31 
2595 17450 7422 2284 42.53 30.77 
2838 118021 109140 26031 92.48 23.85 
43 5566 39 8 0.70 20.51 
2064 1689534 601559 48279 35.61 8.03 
2307 5307 1242 355 23.40 28.58 
2596 496544 12487 2249 2.51 18.01 
2839 29583993 7727 1068 0.03 13.82 
974 8570 1871 954 21.83 50.99 
1174 1018 99 97 9.72 97.98 
2641 54894 25226 5171 45.95 20.50 
975 36 25 4 69.44 16.00 
1175 96 33 23 34.38 69.70 
2598 38076 2039 904 5.36 44.34 
2642 115131 48100 10206 41.78 21.22 
2723 744 674 29 90.59 4.30 
3038 2673027 160001 4587 5.99 2.87 
1176 2100 470 254 22.38 54.04 
1220 36 22 22 61.11 100.00 
1257 204 124 69 60.78 55.65 
1419 654076 175166 19267 26.78 11.00 
2067 2602 2296 554 88.24 24.13 
2599 47870 13380 1397 27.95 10.44 
2643 882 0 0 0.00 -1 
1177 128815 107825 23820 83.71 22.09 
1258 23621 19944 2453 84.43 12.30 
2068 149 76 49 51.01 64.47 
284 1973 590 281 29.90 47.63 
1178 120 107 49 89.17 45.79 
1222 115 22 22 19.13 100.00 
1259 1641 1097 311 66.85 28.35 
1673 6919 0 0 0.00 -1 
2807 148 112 37 75.68 33.04 
609 29287 23534 6594 80.36 28.02 
942 9747 2551 671 26.17 26.30 
1223 123032 53465 10787 43.46 20.18 
1674 5195 0 0 0.00 -1 
2727 80 0 0 0.00 -1 
3005 1456974 29427 2111 2.02 7.17 
529 4977 4497 3305 90.36 73.49 
943 10127 2551 671 25.19 26.30 
1675 219631 0 0 0.00 -1 
2647 38 0 0 0.00 -1 
2809 14 0 0 0.00 -1 
287 7 5 5 71.43 100.00 
368 159 92 57 57.86 61.96 
1144 3739 3208 2709 85.80 84.45 
1676 11488 0 0 0.00 -1 
2530 8125 1651 85 20.32 5.15 
2611 386010 117775 36259 30.51 30.79 
2729 807 782 495 96.90 63.30 
3007 68 0 0 0.00 -1 
332 15425 12644 3859 81.97 30.52 
369 93 83 80 89.25 96.39 
1640 46310465 0 0 0.00 -1 
1677 22009 0 0 0.00 -1 
1721 89537 10056 6421 11.23 63.85 
2450 852899 49841 2752 5.84 5.52 
2487 520551 19535 9218 3.75 47.19 
2982 299732 106581 11622 35.56 10.90 
333 416 415 359 99.76 86.51 
1227 156 140 108 89.74 77.14 
1678 63305 0 0 0.00 -1 
17 10118 5279 1420 52.17 26.90 
2370 2396 2393 161 99.87 6.73 
2488 6721071 10432 645 0.16 6.18 
2532 654373209 7782 3554 0.00 45.67 
2983 3554739 23402 3084 0.66 13.18 
3180 10 0 0 0.00 -1 
947 619 366 43 59.13 11.75 
1309 1312 452 206 34.45 45.58 
1480 30 21 19 70.00 90.48 
1598 9227005 2336416 496536 25.32 21.25 
1679 4597 0 0 0.00 -1 
18 2006 965 349 48.11 36.17 
2038 141376 48747 4205 34.48 8.63 
2290 3261491 12886 5714 0.40 44.34 
2614 250153 73845 6472 29.52 8.76 
2984 925 925 8 100.00 0.86 
1481 22 18 16 81.82 88.89 
2291 1406 1406 1 100.00 0.07 
3182 38076 1865 820 4.90 43.97 
336 7 7 4 100.00 57.14 
949 47801 37127 12596 77.67 33.93 
1482 318 200 121 62.89 60.50 
2292 193 193 3 100.00 1.55 
2616 2312627 117843 6885 5.10 5.84 
788 6916 5859 5001 84.72 85.36 
1483 23 19 17 82.61 89.47 
220 2695 1585 927 58.81 58.49 
2617 376 290 3 77.13 1.03 
3184 333746 81029 11225 24.28 13.85 
338 43 23 18 53.49 78.26 
789 3988 703 312 17.63 44.38 
140 782 172 131 21.99 76.16 
1484 318 201 121 63.21 60.20 
2005 263781 164193 2878 62.25 1.75 
221 4478 707 451 15.79 63.79 
2456 113220 48876 1517 43.17 3.10 
2500 2 0 0 0.00 -1 
2618 2530847 2003 118 0.08 5.89 
2870 11393 6170 3703 54.16 60.02 
3185 10778 10761 2356 99.84 21.89 
339 6761 5325 2170 78.76 40.75 
591 13 10 4 76.92 40.00 
141 1847 1524 960 82.51 62.99 
222 491 425 345 86.56 81.18 
2457 8498840 25735 11312 0.30 43.96 
2619 1477715 19584 2421 1.33 12.36 
2790 807081 18148 3803 2.25 20.96 
2989 769 473 319 61.51 67.44 
142 231234 194130 81897 83.95 42.19 
2007 18125 6870 5822 37.90 84.75 
223 28392 8582 1743 30.23 20.31 
2377 8957 2897 902 32.34 31.14 
2421 1497561 1832 10 0.12 0.55 
2502 1110580 50646 9668 4.56 19.09 
2791 487756 13775 1513 2.82 10.98 
1036 28392 8588 1743 30.25 20.30 
143 326457 268051 72291 82.11 26.97 
1568 231234 216277 91378 93.53 42.25 
2260 151769328 3270 1779 0.00 54.40 
2341 46 46 18 100.00 39.13 
2378 10 0 0 0.00 -1 
2422 3880944 80496 1707 2.07 2.12 
2954 85 18 5 21.18 27.78 
3070 44 0 0 0.00 -1 
756 16 16 8 100.00 50.00 
1370 192 118 107 61.46 90.68 
144 95514 78430 12302 82.11 15.69 
1569 414032 200531 121342 48.43 60.51 
2180 68744481 148853 53267 0.22 35.78 
2298 214932 84950 9454 39.52 11.13 
2342 339 318 1 93.81 0.31 
757 21564 10510 6353 48.74 60.45 
1290 297 209 184 70.37 88.04 
1371 189 161 83 85.19 51.55 
145 414032 178347 107326 43.08 60.18 
2299 8746253 113459 7524 1.30 6.63 
2343 334 313 1 93.71 0.32 
2424 66548 14949 5899 22.46 39.46 
3153 3197 2533 1035 79.23 40.86 
640 3242 2297 2118 70.85 92.21 
677 622306 531304 259396 85.38 48.82 
802 47 3 3 6.38 100.00 
1372 1891603 1755595 441187 92.81 25.13 
146 3358300 2786158 373275 82.96 13.40 
2920 5590083 29999 5710 0.54 19.03 
3073 76179 45651 18323 59.93 40.14 
641 111751 45861 39504 41.04 86.14 
803 31 2 2 6.45 100.00 
1373 14924 13250 12738 88.78 96.14 
147 313586 263263 97947 83.95 37.21 
2840 10744 881 375 8.20 42.57 
309 10192290 2046021 1217047 20.07 59.48 
642 62423 51029 24474 81.75 47.96 
804 58881 57644 13960 97.90 24.22 
82 4 2 2 50.00 100.00 
1374 11914 10602 9710 88.99 91.59 
1455 3092 0 0 0.00 -1 
148 1750 1455 1211 83.14 83.23 
1617 141376 34638 2218 24.50 6.40 
2427 17741295 137049 12267 0.77 8.95 
3156 8144 902 626 11.08 69.40 
643 136077 44940 33848 33.03 75.32 
805 7523 5793 2925 77.00 50.49 
1375 2146 1998 1393 93.10 69.72 
1456 688 1 1 0.15 100.00 
149 837 732 238 87.46 32.51 
1618 12018 8920 1440 74.22 16.14 
2310 169 64 35 37.87 54.69 
2347 29583993 23167 3440 0.08 14.85 
2680 199 0 0 0.00 -1 
2879 149551 70439 19203 47.10 27.26 
3120 11617 10458 6828 90.02 65.29 
644 4234931 3495498 412714 82.54 11.81 
84 24651 17190 2139 69.73 12.44 
1006 4977 667 503 13.40 75.41 
1376 1364 1255 926 92.01 73.78 
1420 654076 175166 19267 26.78 11.00 
1501 30355036 9725251 209931 32.04 2.16 
2311 4019 1037 155 25.80 14.95 
2429 16 0 0 0.00 -1 
2799 421557 68991 5690 16.37 8.25 
2843 14698 4444 1995 30.24 44.89 
2924 248077 9694 1340 3.91 13.82 
564 160 32 22 20.00 68.75 
645 2302737 1888157 411249 82.00 21.78 
1007 123 88 74 71.54 84.09 
1377 89731 78880 15783 87.91 20.01 
2231 82828200 48090808 2052761 58.06 4.27 
2844 80046 16324 1966 20.39 12.04 
2925 1102757 37821 1808 3.43 4.78 
3078 524 519 370 99.05 71.29 
3159 1222241 71828 31206 5.88 43.45 
484 147178 37188 36950 25.27 99.36 
646 2472 2000 1091 80.91 54.55 
1008 4944 4243 2219 85.82 52.30 
1378 293045 270977 110012 92.47 40.60 
2313 4067543 8013 4602 0.20 57.43 
2845 135886 42262 4417 31.10 10.45 
3079 330 328 188 99.39 57.32 
3123 5584651 38487 26655 0.69 69.26 
485 10436 5880 2194 56.34 37.31 
610 2600439 2110569 298154 81.16 14.13 
647 3851776 3161742 374995 82.09 11.86 
809 443 202 142 45.60 70.30 
1009 488 408 300 83.61 73.53 
1379 4180 3867 3377 92.51 87.33 
2314 16798422 1075 404 0.01 37.58 
2684 98785 68223 3411 69.06 5.00 
2846 6953 1368 426 19.67 31.14 
2927 1137 854 671 75.11 78.57 
3124 227680 83962 26234 36.88 31.25 
486 1148 510 179 44.43 35.10 
611 10025 8315 3990 82.94 47.99 
648 293045 243436 98743 83.07 40.56 
2847 38164 9636 5815 25.25 60.35 
2928 118444 24802 3231 20.94 13.03 
3125 99 0 0 0.00 -1 
52 71206 40169 11020 56.41 27.43 
531 1399 320 179 22.87 55.94 
612 548792 444514 224040 81.00 50.40 
649 1238687 1014627 361457 81.91 35.62 
2316 2 0 0 0.00 -1 
2767 1144799 33332 32960 2.91 98.88 
2848 239863 79846 5777 33.29 7.24 
2929 48241 7647 1642 15.85 21.47 
613 12423 10544 9784 84.87 92.79 
119 30 20 17 66.67 85.00 
2650 667165 9480 5792 1.42 61.10 
2768 608327 156891 19864 25.79 12.66 
3127 3589929 82875 7035 2.31 8.49 
452 966 821 648 84.99 78.93 
489 135 51 37 37.78 72.55 
614 26803 10319 9629 38.50 93.31 
2732 910 673 562 73.96 83.51 
453 804 712 604 88.56 84.83 
615 3933 3275 1415 83.27 43.21 
1310 21304 8410 1866 39.48 22.19 
1842 2418489 1860738 238755 76.94 12.83 
2319 4479 3828 2145 85.47 56.03 
3011 305147 1127 137 0.37 12.16 
3048 2078 2006 888 96.54 44.27 
616 1364 1127 831 82.62 73.74 
1311 2216 344 247 15.52 71.80 
2491 368 312 149 84.78 47.76 
2572 363 344 270 94.77 78.49 
3049 5083 3932 597 77.36 15.18 
617 5659 4656 1431 82.28 30.73 
1268 13286 10339 5966 77.82 57.70 
1312 7349 2512 866 34.18 34.47 
2654 1010540 27168 6698 2.69 24.65 
2816 75383 20250 13856 26.86 68.42 
3013 6864 2434 657 35.46 26.99 
618 4180 3448 2994 82.49 86.83 
1188 1947 1499 433 76.99 28.89 
1313 8707 2799 883 32.15 31.55 
2079 266679 111264 7292 41.72 6.55 
2736 223411 56477 10712 25.28 18.97 
2817 1174089 1183 59 0.10 4.99 
619 1905919 1535680 383472 80.57 24.97 
871 9805 5193 1194 52.96 22.99 
1314 3691 334 241 9.05 72.16 
2205 49367151 1355639 41066 2.75 3.03 
2494 116124 6214 879 5.35 14.15 
2575 47122 12309 4394 26.12 35.70 
2700 1127123 55114 2860 4.89 5.19 
340 1900 1437 595 75.63 41.41 
539 2691 1706 936 63.40 54.87 
1315 2801 1087 394 38.81 36.25 
1766 72990975 2577602 129777 3.53 5.03 
2495 863744 30740 9198 3.56 29.92 
2620 250437 74151 8700 29.61 11.73 
792 1818 786 598 43.23 76.08 
1316 1046 172 126 16.44 73.26 
261 2004 1472 306 73.45 20.79 
2621 2520 1134 916 45.00 80.78 
3017 10 7 3 70.00 42.86 
423 170 120 45 70.59 37.50 
955 75 19 19 25.33 100.00 
1317 157 145 117 92.36 80.69 
2541 8331354 45257 4879 0.54 10.78 
2622 393295 7613 3585 1.94 47.09 
2659 3 2 1 66.67 50.00 
956 2156 1438 307 66.70 21.35 
1570 95514 88483 13827 92.64 15.63 
1813 4647 2908 317 62.58 10.90 
2461 18320989 2439 1033 0.01 42.35 
425 17296 1823 1222 10.54 67.03 
876 964408 350678 137799 36.36 39.30 
957 2081 374 137 17.97 36.63 
1571 3995975 3631387 304253 90.88 8.38 
2381 57 0 0 0.00 -1 
2462 48662835 4357 1685 0.01 38.67 
2705 2 0 0 0.00 -1 
426 664502 104735 66352 15.76 63.35 
958 201 134 26 66.67 19.40 
1040 1313 1004 106 76.47 10.56 
1202 247 100 64 40.49 64.00 
1572 837 724 250 86.50 34.53 
2544 80971 30643 2585 37.84 8.44 
29 16 16 8 100.00 50.00 
2995 393295 7943 3724 2.02 46.88 
959 534 313 129 58.61 41.21 
1078 85289 0 0 0.00 -1 
1159 26 5 5 19.23 100.00 
1203 487292 43596 43506 8.95 99.79 
1573 118753 113498 42619 95.57 37.55 
1735 86 78 20 90.70 25.64 
2464 10907413 11195 7356 0.10 65.71 
2626 17223456 16106 3203 0.09 19.89 
2707 1010540 1493 313 0.15 20.96 
347 22342 15211 1616 68.08 10.62 
428 222949 162 16 0.07 9.88 
761 222 81 67 36.49 82.72 
842 75 19 19 25.33 100.00 
1574 3975 3626 1388 91.22 38.28 
230 16 5 3 31.25 60.00 
2384 153309 0 0 0.00 -1 
2627 84 84 16 100.00 19.05 
267 364099 287401 74055 78.93 25.77 
2997 5972268 11748 2226 0.20 18.95 
348 1759 1276 289 72.54 22.65 
762 618 531 303 85.92 57.06 
150 3995975 2906751 252002 72.74 8.67 
1575 313586 293875 109350 93.71 37.21 
1656 213808 0 0 0.00 -1 
1737 10 9 9 90.00 100.00 
231 525 313 180 59.62 57.51 
2385 500 57 25 11.40 43.86 
2466 3 3 2 100.00 66.67 
268 6000255 141 25 0.00 17.73 
2709 3589929 83453 7034 2.32 8.43 
2880 10 7 3 70.00 42.86 
2961 6644 966 449 14.54 46.48 
349 5470 3529 996 64.52 28.22 
151 3975 3098 1265 77.94 40.83 
1576 1750 1464 1246 83.66 85.11 
2016 2238544 6544 4727 0.29 72.23 
232 962 575 242 59.77 42.09 
1496 163994 18627 1998 11.36 10.73 
152 118753 103578 37877 87.22 36.57 
1577 326457 303329 81721 92.92 26.94 
1702 2 0 0 0.00 -1 
233 1750 1681 1419 96.06 84.41 
1460 241019 140189 7098 58.17 5.06 
1578 3358300 3119781 422922 92.90 13.56 
234 629 600 508 95.39 84.67 
2388 1010540 30240 7232 2.99 23.92 
2513 3 0 0 0.00 -1 
3080 10744 881 375 8.20 42.57 
810 794 340 132 42.82 38.82 
928 635 339 163 53.39 48.08 
1047 128283 110290 15514 85.97 14.07 
1380 3851776 3561723 426262 92.47 11.97 
1498 65720 0 0 0.00 -1 
1579 205867 0 0 0.00 -1 
235 1750 1681 1419 96.06 84.41 
2433 1091 1091 476 100.00 43.63 
2965 7617 7553 6378 99.16 84.44 
848 4131 2006 1424 48.56 70.99 
1381 264582 245917 121137 92.95 49.26 
236 10 10 10 100.00 100.00 
2966 214844 21291 9474 9.91 44.50 
650 20417 15783 11276 77.30 71.44 
1382 145892 137447 50996 94.21 37.10 
2192 393572 33630 3270 8.54 9.72 
2273 18320989 1103449 44192 6.02 4.00 
237 86 86 22 100.00 25.58 
2435 1464553 36670 9731 2.50 26.54 
2516 5 5 4 100.00 80.00 
651 233895 188448 18345 80.57 9.73 
769 676 120 96 17.75 80.00 
1013 139 88 21 63.31 23.86 
120 2238544 125685 53990 5.61 42.96 
1383 291450 269085 136292 92.33 50.65 
1707 44273261 94197 23874 0.21 25.34 
2274 1689524 684593 57541 40.52 8.41 
2436 1992699 57686 14365 2.89 24.90 
2850 1137323 45303 44961 3.98 99.25 
2968 1934183 50423 6688 2.61 13.26 
490 43 34 26 79.07 76.47 
733 220 67 43 30.45 64.18 
1384 62423 58547 28162 93.79 48.10 
1627 1399 335 189 23.95 56.42 
2356 363799 59140 5390 16.26 9.11 
2400 10245688 13647 5729 0.13 41.98 
2437 1477715 81739 21542 5.53 26.35 
491 771 102 42 13.23 41.18 
734 66563 11793 4121 17.72 34.94 
93 574 148 95 25.78 64.19 
1385 696514 649772 119840 93.29 18.44 
1880 34877973 2306906 314275 6.61 13.62 
2320 114577625 191342 6239 0.17 3.26 
2690 48753 23697 11588 48.61 48.90 
2771 1064 880 785 82.71 89.20 
2889 67789 34480 12563 50.86 36.44 
2933 65645 4571 1761 6.96 38.53 
3086 342356 110481 7370 32.27 6.67 
735 15 11 7 73.33 63.64 
94 2705 921 411 34.05 44.63 
1386 1905919 1723088 433695 90.41 25.17 
2240 78972 21146 1439 26.78 6.81 
2321 31 31 7 100.00 22.58 
3050 5183418 15726 2559 0.30 16.27 
3131 8746253 113412 7527 1.30 6.64 
3168 799 0 0 0.00 -1 
1387 11836 10761 4633 90.92 43.05 
1431 68440340 2492784 100719 3.64 4.04 
2403 900 900 392 100.00 43.56 
2854 97579 14045 1866 14.39 13.29 
2935 1415 1413 1212 99.86 85.77 
3 98 80 59 81.63 73.75 
3051 56470 1417 66 2.51 4.66 
3088 1571 1451 663 92.36 45.69 
3132 158 12 11 7.59 91.67 
3169 1 0 0 0.00 -1 
1388 10057 9136 3996 90.84 43.74 
206 15 11 7 73.33 63.64 
2323 29583993 22551 3347 0.08 14.84 
2855 3 0 0 0.00 -1 
3089 3892 3745 948 96.22 25.31 
3133 1019512 139344 5820 13.67 4.18 
620 11914 10150 9258 85.19 91.21 
701 34482 27533 19662 79.85 71.41 
990 9538473 635500 633067 6.66 99.62 
1352 5659 5180 1587 91.54 30.64 
1389 20417 18073 12319 88.52 68.16 
2937 4367489 30792 3213 0.71 10.43 
540 9367 4219 854 45.04 20.24 
621 472151 371430 35895 78.67 9.66 
1353 1243 1119 370 90.02 33.07 
1434 11514 10731 4284 93.20 39.92 
2901 6953 1458 450 20.97 30.86 
2938 1297117 35133 24290 2.71 69.14 
3135 5 5 2 100.00 40.00 
541 17662 3550 1629 20.10 45.89 
62 147910 125199 26340 84.65 21.04 
622 264582 216477 107067 81.82 49.46 
1273 128 49 47 38.28 95.92 
128 123 108 88 87.80 81.48 
1354 354751 328605 24124 92.63 7.34 
1930 1056 0 0 0.00 -1 
209 259 204 74 78.76 36.27 
2777 991453 239011 12474 24.11 5.22 
2858 1 0 0 0.00 -1 
2902 14698 4733 2130 32.20 45.00 
461 30 16 6 53.33 37.50 
542 2397 1929 486 80.48 25.19 
623 81352 64445 15043 79.22 23.34 
993 3789 412 352 10.87 85.44 
1193 4547 921 594 20.26 64.50 
1274 1558 1355 472 86.97 34.83 
1355 3200341 1354718 198604 42.33 14.66 
1436 225681 73821 40791 32.71 55.26 
1517 116853480 50651376 2109729 43.35 4.17 
1931 6451 0 0 0.00 -1 
2741 863744 31363 9353 3.63 29.82 
2822 18320989 0 0 0.00 -1 
2903 135886 44062 4837 32.43 10.98 
3137 2311 2195 2191 94.98 99.82 
543 2609 1470 858 56.34 58.37 
624 14924 12507 11997 83.80 95.92 
705 108355 20968 9500 19.35 45.31 
1194 10542 4740 1212 44.96 25.57 
1356 12423 10879 10168 87.57 93.46 
1400 4491 4097 1564 91.23 38.17 
2742 116124 6341 896 5.46 14.13 
2823 1685558 30201 1511 1.79 5.00 
2904 38164 10153 6218 26.60 61.24 
544 7144 1827 1347 25.57 73.73 
625 11836 9701 4136 81.96 42.63 
706 10123 5117 1322 50.55 25.84 
1195 113 9 5 7.96 55.56 
1320 281 242 54 86.12 22.31 
1357 1817 1164 906 64.06 77.84 
1401 135407 30431 18143 22.47 59.62 
2329 3723742 1805 409 0.05 22.66 
2581 42 8 3 19.05 37.50 
2905 80046 16366 2054 20.45 12.55 
3102 147 17 12 11.56 70.59 
3139 11617 11492 7355 98.92 64.00 
626 89731 70770 13276 78.87 18.76 
1358 10004 9263 3619 92.59 39.07 
1402 12733375 363271 94068 2.85 25.89 
2582 22 6 5 27.27 83.33 
2744 1093084 15718 2055 1.44 13.07 
2906 239863 83340 6326 34.74 7.59 
30 31 29 21 93.55 72.41 
3059 1019512 130869 5348 12.84 4.09 
3103 1483481 5456 3133 0.37 57.42 
465 120227 64684 32958 53.80 50.95 
627 11926 10130 9314 84.94 91.94 
1278 29 26 22 89.66 84.62 
1359 144311 101640 19863 70.43 19.54 
2826 217 0 0 0.00 -1 
3023 34525 33454 1542 96.90 4.61 
3104 8331354 32351 3550 0.39 10.97 
466 153558 53733 31504 34.99 58.63 
628 145892 122113 45223 83.70 37.03 
880 671 467 160 69.60 34.26 
1161 676 130 103 19.23 79.23 
1774 19 16 13 84.21 81.25 
2052 34482 27305 19550 79.19 71.60 
2584 1170382 29827 3773 2.55 12.65 
2665 28931985 93565 90620 0.32 96.85 
32 50449 25465 15837 50.48 62.19 
386 288 91 63 31.60 69.23 
548 114 51 46 44.74 90.20 
629 306550 250444 145111 81.70 57.94 
881 15567 9944 6006 63.88 60.40 
1162 247 100 64 40.49 64.00 
2215 137 0 0 0.00 -1 
2585 487756 13709 1503 2.81 10.96 
2666 2684 2167 873 80.74 40.29 
2710 450200 24313 7347 5.40 30.22 
350 6302 4463 1475 70.82 33.05 
387 319 92 61 28.84 66.30 
1901 42685 0 0 0.00 -1 
2586 807081 17920 3770 2.22 21.04 
2667 29557 4057 2018 13.73 49.74 
2711 17741295 134647 12082 0.76 8.97 
3107 996873 296803 23971 29.77 8.08 
432 115 22 22 19.13 100.00 
1326 36 20 20 55.56 100.00 
1858 1304942 197838 17846 15.16 9.02 
2217 404 0 0 0.00 -1 
2550 16 0 0 0.00 -1 
2712 1787833 858 8 0.05 0.93 
3108 105828 83321 24279 78.73 29.14 
389 19 17 7 89.47 41.18 
1741 364099 323806 83800 88.93 25.88 
2137 259 190 72 73.36 37.89 
2218 12 0 0 0.00 -1 
2588 169 22 15 13.02 68.18 
2632 65140 10744 7224 16.49 67.24 
3109 118021 94524 23724 80.09 25.10 
434 175 56 50 32.00 89.29 
1328 58999 35041 2131 59.39 6.08 
2219 86742 0 0 0.00 -1 
2390 2733 2663 2045 97.44 76.79 
2552 10430 10325 2456 98.99 23.79 
2633 12733375 28550 2976 0.22 10.42 
435 2909 841 546 28.91 64.92 
1329 58999 35041 2131 59.39 6.08 
1581 46 41 39 89.13 95.12 
193 11393 11155 3846 97.91 34.48 
2553 8658 7971 2529 92.07 31.73 
436 7617 2628 2176 34.50 82.80 
1212 6 4 4 66.67 100.00 
2059 654076 362915 67599 55.49 18.63 
2554 2 0 0 0.00 -1 
770 69855 474 185 0.68 39.03 
932 886 720 600 81.26 83.33 
